57
16350 6563
22875 9260
29671 11775
10286 13254
21438 28539
16944 11705
39526 23382
37929 14857
29582 26747
5755 18665
3222 31238
26631 37505
13196 32689
14639 24843
33607 19981
10170 2243
39912 35970
39321 32203
13092 32214
18102 13092
1504 39189
34661 22674
37200 36320
18010 32385
33672 10811
19336 4155
12676 31349
9585 36275
14829 28988
33178 173
28117 7755
2639 34764
37692 28763
32288 25976
10816 15095
146 4827
28325 31874
37774 25840
13442 14973
37749 28118
11199 34265
34829 13446
27371 11949
20756 36976
1171 13508
18123 27197
17295 6431
2838 26965
39508 22819
18764 24039
21413 4511
29403 5177
20237 39199
20839 27894
31339 12368
35263 4485
31008 16630
5
0 2
6 67
43 71
39 107
189 140
499
23212 32937
22765 17805
24749 28597
39332 36320
34927 3278
23809 24942
3497 13363
4849 37458
23705 21299
32003 33820
37377 14357
19836 23318
13926 6204
13268 35967
3535 21919
17686 4501
6824 6310
2114 661
20858 30270
17350 1260
35976 1690
4471 2166
34130 21772
18246 13167
15086 21586
30199 8305
34666 10190
24189 39805
8518 34511
38151 37477
35947 38302
23478 11791
31072 17901
16179 37481
32419 21626
19673 5539
7483 22203
14465 1153
6583 16886
38306 35200
28458 34703
2032 21930
2272 32061
10632 39050
17254 3334
6061 15102
2438 15453
17646 22415
7758 5933
1 5213
24576 11305
981 16962
22734 1041
16432 23443
15608 22182
3499 28376
18651 10394
10218 12891
15869 19102
12211 3920
33680 5051
21099 3971
28129 31013
13153 24229
17796 25064
30385 37214
10365 11299
249 27583
30881 39969
464 3484
15460 17557
32883 502
18424 3848
36429 4594
36110 639
22313 38762
29890 13520
34371 3279
30347 10798
37731 24068
11497 37094
27201 13203
28406 16192
16698 33031
707 7665
6598 10308
34478 33317
32396 7637
25037 777
16420 20600
5263 23988
10781 35217
32300 31080
10506 16780
15354 21124
25664 27122
36122 39128
18597 14913
12568 36480
12178 19023
37471 21009
9239 1010
7303 12902
39280 34658
25259 26331
37682 35148
20334 39733
2206 8519
17067 34056
8205 25982
38224 13476
17047 31231
30780 13560
17165 35347
13701 33255
25464 17632
4820 37524
10776 9260
22299 8099
20711 5363
29412 1942
16658 8390
33939 37734
20064 22526
27293 13132
33681 4488
21293 32336
28938 37995
13434 8680
23748 29496
33973 34446
27097 28962
1022 37030
26666 27236
2074 9985
3421 23157
22838 7231
10910 36971
11925 26073
33693 14675
11551 31121
12725 1639
10013 12677
24926 22696
20879 36017
2290 16104
30721 32261
7199 3064
16072 31686
31188 35291
8480 23144
29416 3158
3971 6153
25102 19119
37880 27566
10156 34403
38320 25265
26881 34121
17850 21348
28 21440
39867 30801
37709 25642
36542 29754
20020 38810
511 31940
28654 30729
22585 1248
17408 38819
35950 21667
24744 26057
4660 17317
385 35763
2894 24278
8742 603
870 4130
5361 23957
33481 8528
18968 34706
33224 22001
26159 7403
24615 12802
19783 2342
29415 9350
25413 13257
30412 25883
31727 17109
23009 19421
8970 26451
8111 6978
915 15259
21749 29945
4471 39493
3884 4543
19457 13500
25494 23629
26099 37274
35080 35722
14513 19270
3011 7461
15709 10108
6582 23026
14623 25524
1680 9734
30542 17772
22585 8386
15915 3896
31444 37722
314 21820
28382 27278
16483 8472
22650 27206
36901 1268
10533 10499
1194 19594
33866 19682
3974 11439
17615 29984
13867 1822
4467 13035
12396 1777
33054 15966
30753 18826
28386 5521
25960 13217
14543 6241
8265 32565
17701 613
6020 33293
12010 33777
5073 2427
7018 39983
34095 18337
7936 4867
3080 3858
2208 794
11814 25645
14888 39849
15353 4528
1517 4781
26273 23655
20921 21809
38745 25421
10791 13405
14584 14407
6420 7709
7395 27523
20818 27018
26385 8477
4478 17699
31490 3171
2425 36047
7451 246
18121 35827
32082 10809
9579 27686
15421 37951
35043 3394
16273 10242
6609 29775
3174 6302
20983 20829
24716 39171
21302 18670
6604 13618
39035 26740
702 24419
28423 5355
25371 17477
36066 39114
19509 9909
38879 36263
32549 17775
32444 14398
9477 23186
29445 13878
11542 4469
6438 3825
31557 32560
32114 2790
1283 24909
18211 20245
1725 35344
22772 10969
10242 23361
39540 36713
35628 23135
26443 21026
35283 21763
7033 3225
1877 16862
37782 37305
24718 24258
2603 36242
29687 29629
15522 30743
18626 6322
22232 38183
26450 12209
16711 9924
26764 19450
26588 16485
25645 5480
3 35937
15300 4935
8893 27723
22297 10671
36118 21102
23867 6236
38770 20775
22805 26712
24025 11467
4774 352
11566 34757
31115 27475
18580 17055
39902 22862
721 38457
28352 32356
32528 35974
15567 25005
39796 24701
21031 38027
32128 25796
13278 32446
21721 18259
26899 33698
34502 38045
22390 33392
17408 39623
28505 18100
3296 23906
11585 27231
34981 22992
32148 5732
5879 14446
38361 34458
6112 30731
24796 7563
8993 13518
19065 33417
30397 2809
1000 29459
7626 3095
38254 29557
6597 4617
7739 18906
116 22257
576 12242
8063 37701
32563 22802
25221 9539
23529 3351
30317 22959
3980 32263
33538 22289
11457 29657
5260 19514
25484 26080
7413 16129
6952 7990
34237 2781
34403 16876
9667 19403
35076 29655
29867 584
8455 21985
34542 33622
4245 30568
21187 6487
37335 2924
28637 1447
15156 9302
13226 6748
21403 33062
21632 28547
36057 24515
14723 27430
22150 20765
23216 26407
21199 19253
169 27701
6676 20184
19361 10417
21429 6271
11711 8612
20198 4561
17311 36085
2572 39340
27549 37838
38621 5100
9432 36923
22833 7370
16579 9281
36035 24846
8984 24784
16279 16804
9721 24220
16482 7308
16639 26772
15320 6015
12485 35230
4812 35180
33766 13103
37101 20099
22031 5587
13601 17156
18515 16227
28368 24743
20564 30751
23596 34595
23388 12230
24315 38490
25424 21326
34060 3658
8814 18098
29298 14401
17434 18359
17883 39281
30089 26456
31807 13604
28544 8968
6415 6633
8218 4431
23345 25053
2130 31440
2744 17426
13802 27370
27949 39353
13134 31175
6076 16357
391 35585
32273 4384
6367 39560
29377 17935
29377 2251
38476 39592
1974 21489
31225 26669
20619 36854
4766 20715
30417 540
39548 23549
11538 29422
15239 25305
15442 26737
14369 14155
38624 27757
22744 1001
2613 37459
4764 36960
7770 23843
6521 27656
2457 21765
17333 1678
12804 24465
10423 10902
8446 23643
1730 9490
22132 34912
20902 5672
36307 16669
22555 22088
11158 7772
22007 22298
9311 31443
18859 13629
3801 1503
2316 27842
19409 36394
33948 19555
32571 14258
28956 5544
6765 14669
32236 13242
24807 36858
4232 21062
33626 17011
34477 34825
22152 35926
26605 38253
27342 21295
1272 12384
29758 36790
26001 23383
32539 31391
7228 551
32332 22695
32334 13035
32817 31665
38008 33243
15988 3877
38515 25793
33950 2231
34759 20087
21108 34201
4913 21918
17292 36686
18459 5279
21285 25618
104
2474 29840
9767 29978
21406 11708
9546 15988
37321 36721
36643 33610
8432 26546
4135 25905
1244 16954
28587 30243
12762 5086
11804 8584
21166 1539
22187 10020
7018 19528
23201 33949
7123 4973
21920 23862
17760 21825
24644 12650
3109 7503
16429 36858
21298 2616
21151 7324
13072 9262
32992 33309
29279 30852
35906 27559
30120 2622
32170 4833
22626 14599
3953 27132
39263 17427
21858 7297
22511 35532
16443 4003
4825 37686
25662 38994
10586 33522
27642 16370
5318 3437
31788 31302
681 11920
22358 34996
4495 29341
26837 25426
18292 37424
13507 35542
26348 17065
30672 13277
36433 4610
39429 16981
77 4371
34393 15551
35361 21012
28015 2849
9766 7379
39423 8620
26747 15640
19473 34110
20310 36349
136 6397
18433 3989
27709 26589
371 15773
1198 21375
11205 8655
3885 36745
12774 37995
33502 16580
28871 17142
1098 27708
18023 13277
32257 19248
27541 20375
31756 13245
32194 20847
19036 13639
7648 36279
15799 13115
25030 32098
21823 14022
32314 37852
21682 27522
4382 35230
37589 12901
28380 9090
37589 17346
16236 38103
20106 17081
19044 19385
21164 27883
38285 25165
25488 24349
33902 32119
35812 8037
20598 17807
13791 21574
3056 25604
7664 26444
22106 34361
3545 26784
15792 457
10950 12161
480
9675 9991
9018 29451
14044 12515
36708 17208
33438 37728
2569 36366
3994 22669
3237 24299
2658 17283
38590 9022
5098 34903
25824 9783
21128 7768
13692 18247
26353 9277
34367 36483
3521 36543
2621 22136
27310 11339
4433 5001
13947 14650
15397 34071
8297 33376
269 38975
31104 18763
10002 31078
35868 24474
27610 34621
23737 3702
8279 21238
438 19902
12034 24438
35651 8902
26807 29086
32634 8466
35440 35751
5538 4727
22157 22723
13118 250
8837 3688
12488 38000
38302 27086
19807 11171
10032 26449
39347 7089
11790 30927
1609 13760
12738 22798
8366 26564
10540 3839
17800 3102
31077 11194
33543 15211
39919 17037
23994 3701
38908 18050
39567 10285
31186 38752
23990 17091
29754 31937
12978 10817
31748 8445
2896 34940
3848 10943
34245 24739
27994 29263
35923 12157
12242 13278
25858 23987
22357 23653
30485 14090
29022 29606
24006 19041
32188 21182
903 14556
5814 12507
20033 33843
35274 1779
6735 1065
9548 21965
35778 21318
29792 459
15976 36597
39898 9394
24403 30492
35662 14585
10624 38898
15372 27158
18329 24845
15894 12070
36298 26968
34173 12662
4971 30555
10563 14248
21020 18002
17518 31039
28464 20450
18313 9350
19689 23599
35863 32513
35981 12624
15904 27923
22246 34814
33471 5454
7012 28129
36963 105
19453 31939
22789 15465
10018 16655
29634 24303
24496 10827
2429 18231
22529 31281
35824 3359
30037 18684
25768 13810
2963 16474
38875 17955
18437 34208
14655 37116
94 8144
20604 20089
16314 16018
10805 8334
30293 39870
10409 31644
4875 38942
3072 9837
23786 9222
27576 8652
30080 22299
7207 20541
28717 32936
21781 8831
8230 33748
10762 33218
10057 5646
20987 12459
11185 8964
22459 37405
18698 23844
5876 13890
10409 31301
10271 9526
28590 26564
20277 28228
11395 3477
36612 39910
14077 7916
22217 16485
39781 4779
25800 37200
39411 8044
22669 2127
10686 5881
730 26183
11575 25384
26436 34833
37857 17292
20579 32484
458 4711
10595 20862
22710 30112
19100 19166
25367 24018
28395 25928
4597 3738
4508 23517
25184 23414
37105 1263
39487 23986
21508 16303
13813 28106
4495 37625
25643 39280
5655 21293
12309 25444
25074 11145
2224 16622
34177 10345
6190 1217
36296 25752
24117 25341
26021 1746
5867 30341
766 37348
38282 11046
999 25147
37426 32570
15532 2525
6724 24403
6997 20768
13836 22576
25825 25070
12247 19495
29750 19224
33057 21507
13108 19627
35162 19822
22425 28199
15979 28283
8180 11121
5737 27001
15373 10693
7577 39204
9239 31987
364 36077
15099 26050
39236 20762
13544 34683
25095 6133
837 10274
24421 31403
15140 15305
17525 1243
20055 4020
17374 13215
6893 5491
33035 30872
38036 1438
3354 22117
26058 7261
24664 33413
17975 33854
20829 22631
33222 39077
27498 24406
20925 38770
8520 37129
17427 25734
16602 33655
32341 30884
7270 26662
33189 4598
29993 25649
26254 38488
16599 19255
38928 23676
20226 13584
37245 5346
38842 25818
4447 25877
36601 3990
36488 5462
12653 36818
17481 18883
37885 3598
1616 13341
4423 8920
30877 19223
34132 31290
2224 8191
30036 30345
22992 29083
19015 18149
13048 23091
279 23453
17014 15443
24843 34729
30845 7924
29995 3165
20453 17919
27536 3342
5672 10310
20599 7420
4492 27535
22201 5500
37128 12752
8716 27271
36926 16827
33458 24696
15583 20292
28410 34265
38352 19872
2946 34088
38174 19404
11371 36668
18067 17951
10845 15127
32233 18398
26692 25284
28686 30594
33648 16578
26365 39313
10124 33357
1487 37202
33398 22423
29556 39575
24103 19618
26487 17046
28449 37953
4032 18508
29408 10085
4448 22975
21591 34543
16889 27059
20940 38437
33284 5674
19663 23314
12581 3423
4287 15432
31524 8872
22763 19442
17580 2638
17869 21069
19684 22817
14451 39356
20206 20486
9497 2880
5708 7338
13745 8698
38875 39828
15558 23308
14860 15746
3538 25925
27314 27487
6696 37503
5211 19032
9222 12326
20062 17906
28080 35915
17834 36313
18051 35174
16611 23452
10563 5440
1876 13169
7130 37816
28982 30274
14971 15527
31115 32156
38970 29979
6447 8087
30796 8414
1141 411
38688 19995
36271 11812
33563 807
24265 28331
3253 7578
17167 28068
18807 23647
16673 36886
35687 16470
38526 22624
4805 2707
27651 39533
7314 29338
9683 24434
32204 2076
24381 28712
8231 9331
32874 37364
8274 28476
39844 16842
26145 17338
18763 6244
31617 16315
38706 13197
37013 3552
2793 27257
18025 36614
30107 33693
12246 28933
7575 6931
21214 6778
39754 33164
34905 19476
31193 38974
12664 9115
13702 707
23419 27504
36700 25646
32056 6734
36932 13402
32127 14764
14664 23005
19254 35723
6286 5880
25335 10291
30812 25541
24513 11420
13275 34862
11962 20484
23907 6776
8211 13314
39672 32368
11352 5357
25876 38488
27889 10017
2597 181
29886 6205
14561 31533
5901 30380
6505 13760
14150 5962
13076 15895
3661 9317
7304 320
38165 22639
35562 6947
23122 942
12091 38860
647 18989
10731 8644
1233 1570
39884 14569
1013 27425
5028 27375
19625 21241
13717 32923
32073 26923
32593 19892
31995 5522
2034 24433
1541 36074
22496 27824
32318 31329
25882 34837
23182 35751
14086 28858
35145 8225
1484 18021
6099 21300
10933 29091
23581 10106
16686 8632
15584 31799
178 28133
995 20980
13208 521
489 24500
12143 6189
30983 15998
2926 19081
8786 23732
18596 19721
20436 30566
21564 34307
5998 20874
4240 29769
7590 27764
39848 15220
31758 14652
794 24388
22006 24123
10443 8601
19630 27027
11216 5264
12771 17519
27323 36400
7328 5305
26612 13806
21791 4417
3672 30808
27462 5708
10854 4534
25966 37465
7389 2924
2409 22549
30006 14799
28263 35805
12062 20370
35602 39430
3373 26055
10329 26
33895 36980
10840 37475
30120 39688
12865 28468
26087 35660
26196 13234
14609 6818
2607 26135
39238 24071
2435 35657
13547 1246
36329 27835
31936 21829
39593 27745
16547 31985
451
16126 14868
10598 18738
34613 17725
4568 31170
2113 20330
11040 39982
25620 4933
29020 9864
7750 21241
23477 28713
4686 22225
29437 10130
15711 26236
1093 30113
19229 13133
35048 15090
28705 26607
24926 14596
29908 6634
30433 36964
39666 25366
2860 12920
31348 19522
20175 23836
4596 23418
2640 38536
14489 67
16420 34099
3454 19133
658 5161
38229 16660
8139 9203
8385 4920
19835 23607
25710 27739
27942 20138
16977 9241
24488 5395
2440 37981
2460 22212
22168 16338
39358 2509
32343 30599
400 17273
20469 32364
6826 27014
8775 32069
2031 34695
30870 10340
36385 29924
36184 13192
23891 3597
9268 30583
24914 5629
21173 8592
11866 26657
27114 22396
24300 29742
4576 36323
23153 2245
27462 26610
12796 2871
34042 442
4377 18673
28145 14551
9985 3062
28232 14766
34209 18025
28160 8867
30043 13429
12818 27344
15449 10302
5916 31197
11578 7033
24607 28221
18372 30532
9602 20426
7468 10384
18568 35591
2510 11393
10517 33740
36488 18018
5004 37849
37392 18709
21284 24649
9030 39979
10549 6972
35597 203
28032 25920
34590 18547
36778 10438
33384 28784
9857 26448
22470 4822
30737 33968
38395 34398
26246 28126
21204 18430
37199 35227
32733 23723
25292 17761
10543 838
8422 13164
25623 14675
38785 30105
18007 13308
21567 38075
29385 25313
27282 1713
18911 24318
19339 6976
20947 16220
17814 11555
15917 15412
22044 15103
37399 16610
6407 38182
21547 11030
20274 1047
29534 34272
35714 426
1361 34295
36336 35913
20205 25454
33408 18775
35425 11908
13136 6612
21532 33554
28114 3097
34199 16289
16453 21070
6936 4139
13231 13868
36561 29343
27338 1440
2585 29072
29324 35619
11764 2374
21537 31044
29803 26020
36090 39110
26769 24060
4067 14567
37214 8995
9831 27045
34324 36682
5956 14636
20534 34713
2249 18979
29736 1899
25538 18253
38686 24675
2718 9869
30782 36842
32091 10253
8820 28079
6008 9126
3303 12610
30014 554
29852 4092
29081 21086
14745 27600
26466 24477
17052 11893
32069 7667
34870 19480
36658 12282
25433 2065
8528 20968
36215 4528
24909 38173
5345 9596
20389 21766
16389 25007
20475 8906
24569 16886
11097 1768
16467 9247
18247 10543
31958 39334
21818 18542
21138 34239
27523 34092
21851 24846
29090 14569
26527 34431
10031 16012
1163 17550
39679 22550
31781 4308
28631 9099
1850 37920
26637 5873
35291 7786
35949 36832
5155 480
8015 6840
28156 30755
25307 4252
17382 16782
7028 29712
29544 3666
17368 12902
30718 24042
2214 158
36867 38325
36187 9088
27651 26044
25919 25418
28600 4910
38655 29408
23533 18842
15663 12424
30840 4442
26677 6776
2704 30732
28847 11686
29341 20792
22731 17080
21507 716
6580 3556
35956 31626
23716 33752
1756 11245
37338 1288
37938 3931
32624 511
22109 28198
16451 12358
28171 36396
12165 1262
26979 27527
19574 8092
13978 19347
34773 11025
37128 30793
8205 39166
12340 37811
16868 33516
27511 8414
27264 34790
38909 13573
16088 31917
31226 35926
5342 37486
12561 29558
8021 18163
11508 37457
34988 22203
30973 32638
22537 27938
31960 10050
19757 17288
9775 19708
5600 13757
31614 6801
22070 5452
5604 23969
20554 37283
20136 19043
12998 19838
15986 1088
21305 37302
29594 32105
34616 30241
13524 36736
15879 14460
329 15367
3590 34350
36853 26549
4550 39930
15730 28109
35970 33661
29628 16458
14108 22460
7065 24142
7211 36793
8870 10537
4909 9974
19716 3893
36955 36955
26071 9723
26500 33635
20283 9654
33880 11552
26963 941
19086 4147
11864 29808
17631 8245
13047 18017
16365 9459
7959 14850
7654 36411
8431 10883
3402 30917
3379 21697
37432 35933
33216 11813
17246 32050
25298 34269
24531 33287
30198 1440
4208 4349
31601 21378
29690 27547
31458 12711
17012 9278
5979 26099
242 34669
9463 37941
30125 18475
37932 38696
38847 8766
17505 3107
7183 25531
10427 7332
2823 28475
22787 4197
22242 29299
12227 16556
38313 21709
13663 29117
5958 25170
31246 23026
13857 2961
15553 4798
36186 37976
24196 34600
34988 37775
10625 21110
9503 2768
6951 6288
14597 8644
14652 2412
34850 11704
12965 26162
33490 18902
5087 36304
26419 7979
26940 18676
20194 9971
34900 14218
12982 20287
17139 28396
11912 2186
14917 35666
34321 3574
24347 22778
21345 36418
37413 33680
35494 22659
27631 24816
7686 23693
25779 2798
20956 24629
27222 8851
19182 27913
1449 15354
34873 38018
28202 34556
22753 15353
39885 23327
39405 4944
11635 17124
4560 33529
28443 30688
31287 11719
14140 33363
50 23134
31559 3726
23747 16767
4691 20032
4519 23062
18613 33474
31639 20936
10807 7922
39568 32698
4978 840
17163 24373
37864 28649
20025 31356
11507 37635
26571 542
6473 24234
13099 15766
9201 5349
14322 5737
34276 36651
29467 18526
1961 11595
3932 36468
39825 8970
12696 3881
34003 15588
19367 18714
13929 25318
11678 15465
31360 23440
6400 25936
3445 17665
13941 15639
32343 15099
7989 16597
27059 2550
29625 22618
18417 18968
26086 4346
23693 5953
32122 10065
21670 11987
34333 23156
30417 4280
34635 2082
38328 28335
28270 24571
14724 25628
35342 26190
5455 537
14709 38528
39335 39075
10057 33854
8782 19826
781 38459
27582 35153
7983 35990
1719 31480
9872 27692
32882 7531
24787 31768
23708 12769
20891 29468
12991 31392
7267 30970
11035 20689
20029 23837
28314 15185
25122 38034
3628 22888
35295 38825
23788 24385
31580 9980
22259 18386
34316 35779
37609 22645
39302 30131
24987 33537
22155 13529
26415 26404
24235 10721
688 29005
6284 30252
183
10116 10938
35772 39797
6954 13400
14187 20071
22360 37697
28146 32261
16241 17678
11484 24098
22828 26172
20388 8211
8848 34834
4204 5156
20567 32271
37888 32288
22172 19740
23037 29734
19933 33342
30201 34493
17570 28697
1809 14682
29327 23963
32151 24471
38388 2069
26601 26632
27971 7836
19003 5248
30053 39024
33240 9367
32329 4851
8891 7919
35423 5038
13280 18230
29382 21745
12044 6280
23027 9057
31224 5086
19287 5661
14004 22319
13870 38559
5021 23967
31002 32138
21329 29360
27370 4226
38776 36943
18517 17449
4818 122
8334 11255
30265 34430
15801 26899
17031 12950
38910 21017
2308 37110
24801 14153
37142 24740
36624 13358
32597 33996
2984 8791
20028 31887
6009 23753
5605 17705
14400 38902
4848 23165
4384 20032
9173 29351
5395 18712
38074 28781
17448 11241
15705 32547
18325 404
32013 2060
33098 1648
4733 30289
4636 1840
26366 2905
35302 22653
7361 27137
8554 18605
30155 4622
38675 11656
2580 2596
6560 27634
32891 1788
24148 25833
8574 10467
4786 2587
18472 25078
26883 23085
5388 16452
35594 2512
17304 38232
19926 33239
9212 3559
32323 27851
5078 30862
3895 24512
2671 30708
31591 6475
24591 33258
26318 33307
16963 3420
34305 18701
24221 3133
16943 5399
28600 34044
7982 38213
289 23967
1326 21678
10480 31802
11699 13758
30075 2434
30493 3328
2282 39229
16332 2565
21751 23603
17537 36697
15888 23054
17104 7124
11539 32224
23521 18104
38903 13212
33502 34688
14695 29657
4294 17417
31510 33222
14286 32890
8762 3019
4295 33644
31920 36912
26924 11808
26483 13159
17819 20129
33228 38595
25974 29628
33374 19085
25086 2607
18644 11405
23143 36936
35109 3995
5981 3023
22382 35173
36847 17800
14306 26235
16541 20933
2124 31895
35987 33746
13812 5543
29451 38166
16135 9605
6587 13860
29431 4090
11421 17993
15737 14653
8703 5462
12509 26134
8514 1702
15446 22307
35412 5687
8063 31154
16197 25455
2730 14222
37808 20859
20144 17109
15273 12622
10687 27118
33296 35841
37869 16379
35643 19557
39592 15821
24282 12942
29240 5666
39610 9732
7691 608
24508 33557
33185 15644
28745 16358
23519 11197
10539 23811
7660 5063
19407 3835
22002 1730
8601 16281
26136 15737
5279 9683
174
9285 16630
660 19173
2864 13675
23910 33650
7646 4538
32177 22629
7308 8713
188 27552
18311 8825
31527 18876
22335 28372
33965 14700
10356 11817
38645 18787
34467 10016
16347 21136
2567 31624
24180 5714
5358 11512
33192 6166
7297 22151
10788 35848
23434 36453
32780 12068
27235 37353
5475 28041
11900 38630
35151 38367
2574 10505
31342 10291
39696 21756
20518 9805
2542 3856
37326 13375
37064 6714
17951 24681
2068 36036
1483 35552
14594 26140
36566 17280
910 670
21854 31965
17013 1267
18304 14861
8834 9488
27720 7358
493 18365
28124 30841
27776 1532
8660 20187
25980 11825
36227 37517
36487 17770
4735 32885
3847 744
237 4252
26801 39224
37691 34957
19264 27038
6874 7362
996 15658
6857 618
11266 23329
25630 21685
4892 39411
25001 3501
5521 18180
22505 11643
8103 7747
30186 39750
37693 21184
20963 3580
37173 30112
21564 5294
15564 36676
3067 36241
16572 6416
34733 31771
16078 31550
23530 14099
35398 13279
9109 16807
32583 31398
4764 29409
35549 29691
19247 32597
28342 31121
16797 5125
31521 1635
32810 30944
25218 19059
9739 15359
23074 5387
29791 28498
38566 35730
21475 6837
36618 24891
10368 20910
34919 28643
19329 15583
7146 35704
33693 32199
10456 8554
10487 16047
39093 23976
31714 25002
15501 12516
20112 24033
27402 24960
7857 28734
28421 18049
6730 34834
28312 24148
14855 28335
38142 30767
38022 22412
21024 22154
37722 36658
30144 26973
14819 16729
21460 39720
39944 3099
32819 38080
27928 39789
4174 24204
2506 27341
7934 16556
38866 31987
36291 34141
1229 35858
10634 30845
1586 22081
9865 26226
30047 18539
25431 14025
9549 16778
28084 21702
21560 17900
35648 31380
33431 23289
33753 38
24947 13254
6762 5465
1249 11019
18235 3355
12386 7300
27720 39622
37767 20392
13007 34503
29842 13577
23116 27494
2825 14782
13511 23388
13435 12800
24506 36531
39061 26460
8113 4935
6640 33898
13611 14479
29292 32812
1525 936
20006 13078
35899 2422
16354 29556
37303 20453
23871 36055
31035 14192
10960 5561
9937 37437
3053 9835
38302 22169
796 3012
11836 7481
21561 28862
123
1233 13584
33677 37606
39859 9889
26569 22342
6163 17196
32845 9543
14984 38692
37625 6201
21447 31343
37600 32406
9807 26502
39973 21775
28452 14997
34524 15272
39651 39905
8079 29079
4239 10162
2229 2361
11276 17616
15138 35199
39099 12672
27366 26742
5093 34066
18724 16436
13423 23280
10772 12884
4528 32040
7506 15739
32984 3760
24956 15849
27000 13126
33744 19692
7778 37316
33690 5543
5071 36164
11118 19477
28286 7251
15534 20226
6488 13593
33734 9381
10101 28564
37532 11192
22973 37832
37547 39429
32183 14359
21848 5535
13383 15647
5336 28527
22713 17150
12215 32635
13752 38899
33258 4992
11943 21515
2328 6191
19776 12511
21269 34468
13518 38625
34386 12913
30687 11928
28242 37939
8301 33098
20445 3732
13744 24086
19118 24063
23828 13117
14310 15588
25411 39228
36018 24935
19846 12035
35744 39083
19236 5965
14123 5594
15933 15130
14290 22097
5970 8875
27534 19817
1556 1638
37792 37318
17864 25617
4114 12541
16142 14963
12091 2299
32405 24787
17840 24309
15232 16209
33833 33959
1478 30342
5759 39262
3503 255
19316 7867
4642 39982
8169 36125
14114 7483
31587 13331
2740 18744
24005 37849
14941 32927
18009 20307
35188 35866
3285 16237
19818 3687
35138 15734
15640 29828
6985 2134
14262 30838
9006 13866
24642 33162
8225 39701
10258 5999
32137 20716
8167 35290
15812 33844
33588 29992
25689 15421
38165 26246
371 3799
1612 39945
13252 8606
18344 12919
17345 12031
24991 11443
36666 33960
4678 35089
470
18029 20382
1278 20108
37575 18083
23412 30932
37661 27093
28738 17916
2201 14366
14137 7090
12542 28153
3208 26325
104 13624
34864 12387
11616 30105
827 12139
30858 7106
9078 3500
15724 15940
24260 28869
15166 25185
30759 4783
18001 14204
24779 5487
12405 17866
33833 31246
26423 23659
7586 14564
26664 34520
32282 28850
37521 36739
1102 3134
23078 6034
2888 18314
14267 33595
29097 20086
38854 18992
1424 29783
21916 33350
7808 8938
33531 19167
27832 1515
29882 7313
10631 22991
22632 33188
28633 19849
23542 1840
24237 35750
19868 14410
21012 37037
38016 31149
35494 32110
19356 23917
23812 15420
21035 25562
2641 19356
26514 17064
21210 29885
1644 37168
5976 37661
36373 31341
749 15061
39864 20356
31106 7846
36117 20698
35845 22979
38341 1113
14626 35874
17690 2304
9741 34952
11381 12328
7084 29053
23702 14482
18766 39197
30078 6491
32154 24046
189 8638
38833 31330
20530 12365
2341 23429
20122 639
23777 35099
33205 6994
24621 30341
34499 35763
13719 18039
27711 4654
37269 18387
22775 26665
12490 23589
1482 15579
5860 33042
36626 36961
38392 10533
29659 19161
20416 1173
33265 12557
10506 21926
5334 35816
5317 11540
1982 24360
676 31337
35112 18529
2347 25193
39192 6917
16453 32330
32645 32175
28730 15593
14607 29895
2889 26226
12685 25900
14773 25251
25829 27305
4897 23007
1249 22988
34784 21770
33512 9496
17719 34241
18508 35226
13276 13941
30218 26365
39580 29262
39110 1320
11468 18080
30106 3150
8538 14497
31305 12702
39912 23665
17119 15572
10125 35577
1178 9024
725 12209
21675 19448
33693 31312
16221 36577
34643 7052
6011 31771
3306 22187
3771 19876
26189 18707
7334 34108
3974 30044
9724 21846
37694 11506
27874 19918
7565 15031
15132 38796
37913 14164
32219 18744
7569 36308
18297 38864
17587 824
9957 33709
20273 28706
7538 29315
8024 32431
11373 2278
15414 21405
1634 30163
20114 405
31401 9431
13954 22426
4253 9894
35336 32085
15151 33255
1972 33018
1590 539
10178 33662
29942 7462
603 1468
25738 31863
31376 26176
3798 27839
2321 5035
27129 36131
24840 24889
24966 13743
22270 4364
5608 38397
15163 28943
26656 22157
32767 8481
10795 25453
881 24380
34407 65
26889 11146
37561 26690
19290 38305
27017 34123
35726 27415
32257 10361
23085 1584
5844 3144
8859 16475
31894 10025
10944 17151
9049 30895
19247 14095
39702 9385
1417 30658
36386 39975
37 19899
16733 37361
29065 14658
27736 11273
35413 10727
525 25566
8484 35763
33607 32154
32981 1127
27802 29208
37903 3984
19937 29336
9754 25983
21452 11109
3311 12667
1431 36549
29198 11954
24923 13588
27577 4969
22680 4478
941 18431
39534 8185
31295 624
21841 30469
15855 26317
26081 29672
38014 27099
14873 4681
17797 26555
12825 21923
28887 17554
25250 7432
26666 18413
21220 6895
9615 15085
11986 33363
23538 33818
23538 25581
9572 6985
14855 15575
38062 1840
21951 2125
12365 27195
3324 2082
39833 4510
10472 7466
11709 5089
35353 15748
22107 26574
28778 22776
185 14558
12061 4168
21852 16324
11033 16374
8740 12406
38974 33368
5276 22970
3357 5723
7219 24217
3169 253
8953 14520
10360 20750
11043 9926
17016 39536
32327 13493
97 18002
35064 4393
34950 13323
17884 24223
19649 32245
25438 37316
39882 6784
1737 16866
38453 21905
38889 25359
33483 24354
39811 30256
4538 38463
1022 14739
361 38914
37211 3918
4181 22305
17034 17558
36144 14198
17541 17279
13559 33715
33536 27473
8983 27017
3814 19679
3368 8396
29705 12171
19175 14480
29246 3799
35402 15034
18854 28337
37161 37161
4678 8272
34933 28471
33104 36560
30270 8669
18811 12040
20621 29813
31245 25483
4505 18998
22909 37723
36407 31189
27698 11915
35176 29019
39933 37843
22054 28045
21146 30102
5064 24300
24587 16272
14333 30091
27206 33702
16739 39887
1452 19092
18539 20347
757 16332
15445 35105
37193 10252
9372 4982
29959 595
5245 12246
2558 21114
25411 33470
3461 27648
15783 32262
34011 35217
25438 32951
22659 31324
28695 5854
9319 15442
19853 13916
15379 20777
2909 36435
24454 4641
33675 18840
20292 7056
14599 35652
22779 32578
6976 13074
12413 31243
18557 7441
3443 27922
25143 14190
21897 26029
25782 18045
19866 4485
11541 21505
22158 37640
34081 10297
19448 13252
15502 18261
1032 1115
21657 30338
16018 12451
36077 15857
33320 30683
33395 16645
2380 38749
29719 28339
35352 25418
20146 26501
18290 4606
25020 16141
2609 3563
10200 35087
31499 36800
31224 9459
19539 4624
36038 19192
16722 19828
7442 889
7935 20152
36303 23077
37532 21789
21607 18747
2646 4608
15187 34398
22990 38117
17880 6494
32377 25797
12637 22364
12305 12900
24139 11193
26870 11782
27012 26479
5003 31807
25769 21148
32181 15187
14468 13788
24657 31960
36515 19697
23069 14106
35542 16565
21709 4646
29332 23448
17632 12264
25641 26154
11320 5201
376 16951
14560 13893
31672 422
39845 4930
11443 19534
5769 10349
12615 35891
13837 5305
32451 22519
11184 14507
6006 20642
24527 9190
24452 31358
31261 8539
14119 34041
756 22701
17816 19311
21190 30310
34935 31133
28053 13854
38022 22200
31520 1082
7439 27570
27679 21621
34929 38538
33947 2417
38111 37632
5421 3806
3250 32750
13707 2734
26173 23008
36102 21989
11966 9883
10318 11003
23705 31474
6612 1241
15878 787
9432 28624
32296 1911
21986 11752
27556 15383
38867 37696
39866 35028
10236 175
5184 14675
19900 16580
18717 4781
38809 37538
33615 29389
39887 21435
27061 20718
11822 32895
14643 4298
16664 242
23890 31390
22877 28831
33004 20557
17214 12582
6898 4879
9505 21128
1576 16303
13445 20523
27254 39195
17385 1258
26312 26393
19109 26709
39090 9351
31177 2180
20159 35611
15375 12220
461
5713 31507
28851 33885
3409 3650
3162 18139
36656 10198
11927 24484
25098 29100
38067 2810
15833 13035
37589 29921
2503 24073
6588 18307
37151 3833
3945 22404
5095 28968
22425 15872
36221 6510
2055 6496
20609 3530
23616 14924
16418 21051
25421 33071
31417 9612
37123 16814
29303 22890
9206 30417
19879 28729
17247 27459
12077 2933
4244 27458
15925 11618
30931 9887
18709 11984
7839 5958
10993 21905
34108 13833
26680 17135
37185 11504
38225 8768
6898 22086
39943 36486
32081 18741
33610 21496
27214 2376
32729 29599
1737 37874
37070 23924
28270 17929
26579 21530
28861 24659
31179 35892
15958 2603
29510 35037
30796 6644
8896 34447
28740 18227
1800 7440
14117 31283
7181 31945
31443 5626
17423 38866
2610 36960
24821 7649
21864 5626
16031 13815
4910 39797
2412 16185
10717 20997
17402 23351
17598 27312
3036 18911
34558 7161
5242 22589
20750 37805
7594 18828
2624 27516
36445 24291
5976 23634
35756 37044
33818 18281
31513 6544
3898 9835
19916 21982
10737 23100
24655 352
4126 3098
23015 2644
33414 22355
30395 5930
17254 27451
701 35717
22722 32453
2325 18820
13465 23110
12952 6827
16431 2327
20548 34470
25616 29469
37887 1014
11224 39904
11482 28459
292 3780
12299 38564
6883 9398
10476 37333
4397 35520
10654 14714
6145 18097
26771 24736
7973 34620
31467 16348
27096 5051
27679 2097
11337 26741
22182 21101
32207 20135
8090 21901
33751 4477
10413 19746
35628 4673
30052 37254
33391 5948
31465 9704
6882 23904
33829 24860
5906 36977
26207 37245
13387 29698
33100 4021
30800 16298
26792 24848
39168 39824
9857 4293
36657 6610
26600 24251
22806 21782
10306 15383
37456 32025
19261 29745
15762 5308
17896 16406
32225 23862
26831 13229
23884 11738
38404 28173
19195 27016
6825 21193
21492 37685
16452 30984
37850 2356
2654 25862
2804 3660
12506 34876
784 23791
25086 8787
29726 8959
33615 31478
12347 10775
34676 29437
36355 21152
16357 14795
2639 33621
20609 36714
36207 14882
27789 21790
30996 35025
23429 16095
18290 18819
26143 4343
5343 10097
3538 35020
17714 35253
346 30890
16543 3702
26724 38253
29787 38163
11567 13722
27354 20570
32271 19296
17359 38461
20930 8317
22052 9882
22593 13921
23880 9337
24009 17509
5032 18348
31994 13799
3324 35633
27976 16462
14400 35925
25491 20411
19427 29791
19404 1570
35960 39644
28119 16867
4253 18957
27640 23194
36541 30555
8132 39756
31188 35525
25590 37833
19989 21550
9855 37186
15632 34390
24464 17681
31726 4373
30939 8166
37722 16998
15217 2028
25033 20231
14672 25447
30283 23697
25614 16754
39797 34250
26547 17266
19110 28879
23295 31975
11068 17903
28000 12772
9641 7818
14904 37855
34411 6585
20283 22289
34331 33491
15369 39636
35325 20978
37357 34356
22857 30815
34834 38618
22817 18051
23298 2472
4770 10881
22736 31459
9685 17379
6350 39437
18898 38225
4035 30328
15174 22272
25719 17953
39934 15198
31280 21469
9758 23497
24094 11844
23156 13621
2718 21740
8361 39150
11611 33148
29672 19947
26633 25947
21546 36840
15683 2240
25934 12289
23109 1745
20227 21095
33644 16523
31577 23999
30828 5790
36775 27251
6599 39081
1669 15090
7690 36067
18061 28834
25002 15601
1679 32262
9498 34104
5166 10486
16220 23030
17257 13668
36650 14525
11931 9882
8049 19357
16965 18547
11893 15599
25854 13867
30198 36037
13112 24548
1915 11148
39793 19795
29228 5922
21441 58
16406 16697
8648 34168
16912 13386
35752 32805
1888 19091
22646 15304
1099 11620
22839 36507
17895 26914
14083 4348
1457 11379
29987 29121
1172 32064
28479 13064
6238 36271
19329 35814
10353 28357
27675 10505
31512 32693
37656 24870
27242 29916
27442 33889
30882 36446
20501 969
29460 2277
25450 398
13699 19024
19885 3419
27459 4176
26141 23758
34373 6360
10697 28954
718 37758
1188 19118
39232 2732
33346 29752
31300 27677
28226 2695
15987 23786
13944 7984
651 13515
34685 6614
3919 15359
18482 18960
38451 38350
39433 33933
1568 22602
15739 1494
39960 12558
17537 34319
3138 22921
17518 35042
1147 39462
20646 31688
1126 10584
16094 9490
2999 15664
17594 8286
34702 37699
30641 34780
21563 6768
23185 12989
12145 39252
7944 1813
2276 2958
21222 19101
38190 15978
17147 4094
36632 27731
254 26837
19897 3345
20853 24860
5771 28289
38389 12524
11125 31029
4405 23715
27913 1309
3534 14261
791 23757
3211 4210
17166 38639
20460 28769
26354 31912
26376 37285
37726 37921
39483 39657
13644 15004
19616 34747
12381 23477
27540 1900
32561 26383
34140 29278
15284 19495
12696 2370
25263 33955
58 33875
28393 15618
22487 32513
28944 20751
19593 36407
765 32468
37782 18722
19616 39414
4066 13469
10697 27398
8784 10310
34001 34981
3077 23259
36479 17254
11218 9816
13731 17635
36182 34148
14141 10317
5684 20500
19646 34809
1257 16216
28347 1928
27033 32167
31664 25318
37613 37639
37988 9597
29821 34644
856 2788
4895 10202
18335 11799
32949 21304
13338 4317
24770 26953
8791 33340
8519 17484
9964 17175
25849 31663
37030 31942
4671 34900
23472 35093
13504 18766
14875 8333
20297 28818
5 14927
12709 32924
32097 4816
28981 23308
34540 1033
36749 308
29604 27192
24217 17745
35103 10404
2003 9284
9610 19233
14771 13443
11980 26211
32536 4228
21513 30498
7913 22142
24370 29279
10222 31437
19565 17448
13124 30904
12356 35573
5474 36802
25848 10577
34930 17831
36393 38484
17562 15647
28179 2362
22695 842
5890 29998
33472 7110
868 14362
5161 666
552 17028
17097 28042
19672 24971
14157 10099
36234 26381
23821 38434
9696 37081
32425 5616
19060 21570
17533 39361
10590 3532
386
10396 412
26237 28155
16325 18822
35445 7102
4506 28892
28602 23589
9653 33045
12990 22041
14470 36499
10434 38438
3477 4714
31236 65
10474 19794
11950 15849
1576 3406
31109 6165
10584 32028
34267 21215
32794 28114
24271 5076
34583 33798
13986 13128
34743 26654
1489 5070
25161 10339
5428 784
16870 10407
18834 21798
17383 7681
3205 4466
14997 5932
34793 18656
3443 28755
30419 2143
20621 538
25103 6325
11840 7456
26484 27911
27729 10008
447 10593
6762 19397
33683 2847
37035 1067
9771 34992
36870 3335
3421 27379
31606 33261
21403 27742
24420 32020
19220 29185
19588 38585
23963 31079
13211 27549
29364 4639
21373 15106
511 19958
1413 26635
17202 6388
294 31800
13574 14238
20914 32641
4057 16856
34217 2506
2094 4305
89 8857
39627 10071
14436 24085
28094 15384
16602 35151
11274 24563
4155 2917
33260 8227
7846 7223
37642 28982
30556 611
7210 38916
19513 25597
7682 11843
15470 31082
6116 10470
36821 5864
36959 7559
6706 28411
21460 17742
13107 8809
39164 19905
23999 33356
14610 31142
29203 12861
728 30949
37677 14797
31896 14535
8674 36203
29479 3570
14532 7914
35815 348
188 33697
690 39064
5807 17748
28156 29234
31124 8645
32574 23518
5511 8223
5076 23869
17869 10573
9645 3620
7568 1683
34711 35398
26753 1408
29984 1219
19829 7275
10848 38561
21767 30885
19213 2953
35113 23622
35927 17566
19184 29981
22034 17542
14971 2877
18728 3939
9139 38262
4771 38160
21036 39479
4759 19837
19247 3990
11828 19507
17921 18919
30857 2408
36934 25137
23986 8355
27851 3054
8723 15183
13175 25238
30392 37090
24755 38088
34020 22771
17180 38829
21840 22038
8869 30978
33899 21003
20408 19967
19504 22540
18582 5571
30696 2088
23290 39271
10168 11878
9594 8295
32862 291
3992 15985
6109 15721
1974 30069
21208 22751
11095 21671
16632 8987
33167 3415
25631 20622
1269 25494
34502 17582
34585 28699
8409 18175
11191 20447
12600 33960
28433 8285
23627 17532
3146 36418
22323 20408
12499 20745
9188 34498
12634 32583
34386 2621
5886 33387
22516 4986
33008 7114
72 5163
13179 23415
24935 23035
31751 8774
31654 30563
24931 8228
17685 8728
39436 18938
18033 33479
22531 17129
1443 38110
20549 10369
2036 14662
21269 11861
643 31800
19272 26305
36745 25933
6800 17725
31588 2045
14776 34201
31331 22825
37899 32986
16133 34550
19002 7929
35722 9837
5784 6594
13235 16328
7520 39148
16678 23729
30097 32470
8309 21136
490 33624
39572 37776
35021 32988
31470 24109
30256 6065
26857 25469
21033 4185
17594 21609
5358 17327
8778 16593
19062 26829
35195 1068
16969 17025
21892 17706
2561 26575
19107 36162
29495 18659
29406 28687
17021 22913
20723 32576
26719 3673
29394 34045
1170 38077
11024 28102
19108 12678
32887 31580
30567 4868
1584 24345
25229 5332
12105 21173
21167 6523
11417 21497
3869 16579
32526 18330
37471 39650
24427 38694
29076 16750
16345 4909
8806 31787
3584 39455
18023 26448
33282 10123
9246 943
33554 34110
24312 3568
3562 17656
17143 3185
32932 9265
39230 7917
22166 17929
34659 23825
21464 8618
33539 15074
21555 10303
5563 38893
18090 21153
21198 30379
30274 36295
23467 9474
10812 38751
9947 32317
28848 26188
30846 33370
14063 39220
4531 37755
10033 20245
36178 21995
31703 29724
4893 11723
37298 1297
12223 38932
2377 322
24711 17964
22136 23913
16703 15465
34654 35219
3941 39024
4128 6784
7165 26322
16227 18225
38033 8858
21469 12577
23802 6689
37740 28851
7920 29434
29695 2925
13094 26574
35463 10689
27551 13175
34776 16200
26454 20903
1597 30801
26863 35616
24743 34930
37213 38143
17176 19664
11592 25689
9409 15049
14071 6961
32925 35835
29760 6478
5825 14532
35885 20555
12306 3158
34014 5907
7110 27345
20423 39126
5395 17264
10744 32029
35980 19168
28541 29473
2718 13174
10732 857
13212 37908
20424 29341
39725 27433
12606 21670
32971 6914
1206 13950
37489 8275
29779 6513
17819 14115
32695 39985
32687 19140
30492 35369
30540 35455
12516 37023
32202 22896
28086 24500
25397 32715
1801 28129
17400 14149
28408 27929
21505 29297
36990 1802
2402 39894
12682 33995
28318 37772
22510 538
9810 8429
29627 29360
17177 13759
4346 11387
28389 23791
26256 34030
19091 2362
4549 1001
10976 39305
4894 38330
21306 13612
3799 17611
38631 35604
6113 3486
8095 4186
9657 25801
36544 33953
1000 30849
21926 16843
17813 16523
22407 35946
13356 31663
9513 23034
20696 23517
39195 8886
22489 4654
28279 9527
2649 39582
16668 30624
17270 20435
6091 17643
20925 25595
39631 7406
36714 39473
19962 36903
37599 38658
28623 13528
8321 3988
38002 22177
17244 16414
24777 14872
27503 39996
36787 6062
277
29420 17160
5175 22701
11567 29737
19682 3254
17994 36767
39294 23243
15027 35656
20895 24420
12536 21612
9530 22922
3148 12423
28211 24700
20323 17981
18295 18594
455 1106
9699 32770
17695 36276
4025 11013
25392 37529
16006 1575
28607 6062
4924 14667
35081 27246
39624 16440
21433 13943
16028 4912
15855 1894
33692 912
13664 1352
15380 27071
19776 25410
15362 2875
10352 27913
31203 14426
39698 32789
3412 6919
29378 25216
38510 3056
19343 14370
35950 37123
23196 20020
24066 10235
9391 10044
21138 11208
14769 26719
15902 34639
36637 20796
35239 16397
38883 1923
14350 24244
17595 39509
35890 1120
6308 25157
22978 17377
2150 20996
24473 29163
16815 35071
7388 4589
28349 13135
9292 21925
11716 10130
31118 34053
17298 35988
35567 3707
11508 25828
31753 11380
4545 17304
25967 29028
6936 1546
30409 12062
18795 16046
25759 4509
38143 11915
17716 37299
29815 3541
39072 31146
33351 5100
16536 8381
36534 20274
6658 31986
37751 18869
29034 19975
18529 21279
28468 6704
11762 35140
39266 30160
9494 18375
830 4201
35652 25647
8094 4047
23020 2165
6586 9376
28208 2121
19833 1534
24411 16018
262 153
34534 18074
19163 19144
17791 19112
7903 686
22129 23092
24971 36408
27867 15992
37705 10381
17735 11797
3024 29416
5937 19435
30201 11710
12923 34199
24119 16349
4681 23487
20862 20731
23432 20710
20789 11501
30778 34874
16336 20282
8327 36178
23527 20843
1354 33076
39775 30459
3964 24048
710 7121
32292 4343
16456 26783
19189 17631
24949 4938
4093 16274
8787 15906
7179 12499
13333 4301
34627 35491
5903 6911
26794 6250
20239 1156
12286 31102
28364 30457
11764 24624
31781 24311
35448 8672
4102 18995
16563 14332
7743 27916
18085 12267
28004 25814
17819 7480
1784 36113
1376 24760
4128 3560
36259 9414
12508 35170
5543 5680
34815 32184
7740 767
8041 8300
24175 2235
31001 21613
29863 26062
29956 2993
21900 36659
23964 26087
30624 21122
7179 6048
39126 15683
35861 34797
16598 26456
22249 28257
20933 4997
32925 10580
33395 9503
3399 3512
36066 28178
1560 9623
15682 19268
2757 11262
29228 29749
28384 37800
31839 34894
18980 22318
469 28833
10200 22741
24510 5960
23007 14387
24591 16545
33874 23423
7373 37692
16096 31054
17910 30735
3129 25714
22159 587
26343 6778
716 26824
6213 5609
4542 23099
4717 31793
6548 16930
12707 1292
25302 11095
31720 12655
38850 27616
27065 10471
25736 14633
4805 31526
35045 17183
36792 234
38944 33268
11391 26530
17717 8050
27885 8534
15193 4148
6261 21137
29333 30913
38318 10159
34988 4076
30058 18385
4031 27898
8632 7506
5476 29042
7566 36268
963 164
5961 1246
6356 13824
15424 12223
22087 27145
16768 25311
36463 20388
22178 21812
25914 38195
33903 21307
19198 24781
4651 6997
39401 11166
27537 2713
10984 10092
30632 23730
8962 34474
15043 27717
22860 20095
26293 16858
35534 21656
22391 28160
26820 17586
12279 33864
32777 23822
15155 25915
18232 37551
1101 16542
10347 39811
2892 3642
29657 37119
32236 6016
9245 33725
21905 14861
21325 5742
16635 33349
19661 23313
32240 26181
24657 37311
15555 26580
15012 22571
5578 31990
36222 39892
24748 37816
22866 20013
692 15014
35074 29625
14585 21711
19244 6810
15525 7048
7755 28645
30189 12154
24203 20808
5338 25017
36312 21750
7638 3551
31291 15958
32571 3181
14395 30058
72
10968 28539
4087 30
29512 36722
9527 38151
14478 24750
16425 22541
15997 38595
14742 20901
4494 9504
4961 27729
25396 18005
12076 25707
8395 1013
24136 28653
9899 28231
38799 16638
22521 27539
729 413
29623 8524
31204 11784
26321 29114
11010 5367
6022 7581
38743 7433
21981 6680
57 23016
37608 30316
33842 35780
20452 20119
36891 7306
33341 23787
28467 10256
33749 27136
2473 9845
13563 20879
10852 16416
28316 17164
26515 1313
30290 4027
2980 23559
26029 26074
32035 34887
30613 28845
20262 8632
37351 19110
38730 34296
36561 28575
22334 1839
21313 2878
6796 31153
12185 12647
11046 9036
19381 3410
39404 25497
32490 9025
34270 37016
17661 28398
33304 22408
23263 6114
1251 5975
2076 2289
29055 22186
35133 30345
1805 37188
39756 23003
27011 6882
34653 27225
8814 4555
8725 1841
21283 30393
8792 17680
6999 29857
155
11473 26791
16638 5768
35850 14436
23358 17011
38341 21925
25394 29155
33773 4407
30913 10687
32172 14775
3215 21992
19716 21495
14579 37086
3762 17338
35126 35869
34526 6991
20932 39141
17858 8659
20579 30187
35745 25037
15477 23711
21900 34963
20203 28741
9579 1167
37705 25004
219 27237
1019 14322
35884 8500
10155 30483
13748 25447
15094 9000
28995 11743
29954 28061
19036 25556
11210 10201
30613 21569
29179 22205
24347 20778
2215 15890
6387 12871
29992 6133
24396 11779
36924 12463
24351 32397
11132 36001
12027 10950
16572 34866
19169 17275
37716 7982
14131 26699
33831 154
5360 36017
26364 7425
22832 15403
11479 8675
24623 31334
8269 5573
12107 35920
35746 38019
23778 2923
21661 617
15592 29353
39878 34838
30525 24614
36978 35463
8542 1623
14536 16021
3723 18884
34807 13631
26585 23724
20294 15691
24449 32572
17172 6500
27078 4334
27843 4029
36238 18058
33224 23129
38934 16861
26589 29322
37831 3311
39147 23144
2071 32590
5152 9398
33574 32712
21981 14510
39080 25274
30333 38578
30399 3014
9432 11440
23874 36869
22396 12430
28232 6174
19863 2749
6832 35523
8802 13882
9076 4647
25636 11876
14584 38478
30592 26903
11715 18684
34020 9203
19757 1126
335 33016
17934 1995
28886 18902
19106 2069
33306 28385
6979 23279
4587 30606
1687 33756
28612 27184
14279 31366
20297 33550
15572 19568
12294 4959
2419 36860
11258 39920
19454 11426
3286 1432
26903 26689
29392 13797
11148 3965
24714 8891
18586 29212
28606 20823
13373 6768
6755 4638
11783 823
7071 37395
10724 21663
10749 5218
39553 30895
37407 15245
1601 36099
33708 8600
21419 3827
39649 4958
28739 38953
19161 19099
37361 21389
39519 25320
19302 18572
10617 37538
692 38553
15528 36328
5946 2089
26740 23488
27445 39136
20317 29344
24907 20123
38797 32856
30031 11592
7722 13627
36709 9141
16630 7367
37885 19770
104
3508 32851
36650 11557
38261 10214
31853 3487
22066 39939
36186 4692
7737 37218
31414 8830
12133 36883
22471 32411
17322 32215
10684 13158
20167 12362
31170 18929
835 10648
37136 13431
30608 967
29211 12654
24799 27526
22435 27979
11313 23327
13380 8209
24083 37704
39526 12985
12711 3052
20281 23755
9392 38971
3887 39216
919 2703
454 7370
1557 16038
7211 16825
19946 31811
26496 37456
17178 19911
3666 38091
1039 2366
22434 13971
23124 18756
8872 21508
11951 16999
36834 21414
24977 31698
36410 3797
20970 28458
23361 36923
3266 16210
15922 37999
7335 6538
12577 22299
39434 35925
34295 24633
15453 17392
6241 28102
19024 23590
35692 17437
663 27731
2617 3867
30278 2836
16583 35295
34688 265
39998 37673
33277 10445
7352 23872
12856 3814
27039 9484
26928 27642
5485 22789
36152 16463
19935 23263
5071 19180
12691 31328
2589 10840
12004 7924
30805 26970
30596 36396
6389 34092
12014 18049
1417 27905
22265 21720
32949 1490
4831 38504
18952 20632
13393 12884
22640 29374
31407 11856
2650 33881
24456 7124
17670 15608
3727 33866
39005 27915
22430 36079
28552 4739
492 18078
21225 3856
6233 20858
39180 7765
2418 33532
11946 31578
33596 8275
32267 4359
20355 9453
38869 38858
24225 19315
499
22492 25737
25612 10651
34305 34175
30847 30278
22082 26218
16077 13809
36549 26772
14513 37196
26949 34138
24773 11882
12397 36574
13549 2839
23957 6904
28014 31538
15485 11120
9650 19948
29722 16370
25175 39690
7693 504
9287 27798
7281 1845
39321 10657
8355 37198
32742 31844
30458 20188
34611 30635
4546 18098
14706 39311
9891 15170
37968 37355
3785 34831
18341 35646
31631 13053
21761 7270
11382 10391
3830 2623
18456 7973
35823 26954
17915 18561
27937 35984
36057 37294
26503 19195
32973 25502
25812 13569
39038 21602
18996 25532
9085 1826
18110 14480
21787 14438
17649 31984
23082 17835
9504 9819
39239 2147
27494 35215
36080 28550
27772 29977
19875 18422
4261 29723
23667 30003
4670 17619
12302 11683
1581 7303
11007 27672
30123 663
4906 8604
2735 12231
14788 13430
6610 2615
17024 5412
3026 9101
38241 35376
12466 37515
18238 25289
10461 14744
29104 13455
17578 9818
34328 23908
19533 24382
3330 5242
6884 33059
15477 1878
32029 1127
6697 1366
32556 30994
10464 8097
35774 4241
1185 30585
5846 32675
24172 34091
39992 24659
31663 32117
861 30827
19618 33674
16260 143
31547 3893
7547 27455
771 20603
27077 32746
36457 26589
25843 35692
39549 24819
14086 2790
20113 12643
31397 13378
29909 15774
25463 26706
34956 7919
39027 39724
33746 8768
15183 19319
10984 18256
3530 5713
39586 29206
19273 28654
14754 15054
39711 29756
18504 32897
7944 6729
5422 8599
4242 2049
31220 24032
35028 6475
36717 297
31343 18724
11636 9684
22383 24672
16415 573
29445 14843
39403 34862
2645 16110
23834 33051
12686 37193
33687 2526
504 15081
30859 9792
3993 5689
3080 34255
15178 34309
19397 27990
30185 24113
13997 21771
12813 18092
29703 29875
32354 34337
6632 37489
7419 30457
24844 9120
8887 32662
1976 28104
29125 31722
13987 3480
17477 18751
27939 19309
36406 18182
26006 13893
9364 8570
28178 28613
10608 27352
27034 21261
18403 30226
35859 23196
27738 4441
10681 6570
19058 31457
32674 11678
14335 9843
33219 1478
9839 3121
6104 22385
21691 22432
27649 31502
30157 9730
27397 36553
38794 26961
23072 16371
22081 23932
17275 18355
17673 31315
2227 657
36715 6026
35019 35659
8844 20674
19917 7358
5715 34498
12332 29402
4901 15734
4811 7682
4193 36265
12503 19160
35991 25225
3474 32493
2066 14078
19206 3751
19001 27952
27380 7310
18367 28747
6418 2993
25447 26042
23325 11564
11772 814
22538 6466
19459 5009
32845 6902
32858 5220
38525 27730
5758 10360
27808 5734
19583 20916
17088 29367
19013 33038
654 35
30975 34147
23700 4589
14415 9635
1632 9742
24987 4589
4035 39959
574 3175
25756 9029
14355 11597
26478 29681
6016 21148
8893 29229
1316 15414
9584 26686
3376 21571
26486 3416
572 30956
14202 20101
32895 12405
16584 6621
3563 12189
31383 30754
5557 10362
19571 29145
36283 38087
16060 18758
7233 14228
17692 20739
6199 33648
9813 19903
33223 7218
2494 35505
31016 13221
29275 9359
15796 12586
6331 422
4991 36457
20478 33741
14211 15459
32533 12265
22007 10901
12355 28703
4580 38625
13590 15463
25896 36252
30962 38088
31712 1471
18241 25928
6582 36857
5156 12258
29304 15526
16019 6945
35116 4332
5904 1595
36048 5726
18729 39729
32270 18202
14210 31102
16725 13353
19583 35435
4088 38045
28814 7570
12321 11366
21321 1438
22503 2658
3210 2494
38194 25668
32047 7855
37376 38399
36757 23078
4515 10102
12712 10173
4995 27075
9079 35913
33233 8101
9610 12058
35643 24738
9518 26393
22497 9508
7591 8971
34047 19137
2196 18711
11208 39814
5168 6067
25317 13756
22030 39167
8860 12996
37531 9807
32521 19456
17140 7070
23635 18600
875 10113
6077 33204
27603 38661
19374 3646
21610 9576
27374 9934
30089 39654
19601 5526
2679 14525
14299 36963
1581 22691
22570 15188
2055 35250
10165 27886
33112 30328
35900 22714
4584 7308
8330 38152
6904 8765
25524 24896
9072 4337
1549 19376
27951 10103
25233 11045
18389 19468
20626 27269
1977 37393
38278 9675
38365 31296
6503 9214
9500 19444
35708 31049
2631 24529
11625 817
31300 35346
3964 38231
3581 21511
12225 27441
29623 17553
34797 38685
37003 1726
33767 4396
800 23482
28246 16967
19970 12968
26721 25043
25883 19461
12845 38393
7043 15434
35908 27854
21595 18814
36579 23907
22303 28306
8711 7268
14515 8243
22757 34577
25625 24486
28464 15813
34166 5656
33939 32472
37003 37767
26160 39021
24958 25248
26728 1979
29077 6054
31951 24332
25824 6686
13037 1022
24935 37202
29062 29419
10512 1995
26482 24379
34359 31107
35854 3718
32829 32404
37167 31504
4837 34486
37993 4021
2139 30481
17201 8776
11627 31208
14564 12967
31901 33275
23215 7695
32869 13530
21505 27452
37026 35073
21732 11869
20894 35981
14346 25995
20844 11102
36129 35596
6251 24727
24815 6334
33563 33726
6396 28981
9986 30532
5524 171
19045 5045
28033 1269
18125 15181
39214 977
7367 6439
1235 4184
37494 10531
1418 2943
3587 15112
35546 27691
21851 27054
28896 17299
3181 23800
6489 39452
30971 38383
27478 38864
17912 38242
22486 16056
37132 23724
7244 27812
31400 7410
15773 30596
2852 10587
31422 12273
29377 17977
8467 11535
26178 39018
29800 10353
12016 23915
29099 23552
5417 9628
32483 29194
2350 26059
33241 1382
4136 2058
13334 3889
24389 28665
3137 6485
20355 22264
31007 151
2421 29153
6749 20996
24835 34142
10497 37454
5361 15218
33815 21447
38000 14210
29391 15948
34352 17681
33428 38870
33581 317
34002 4881
17551 35339
20678 6052
39351 22398
34591 10309
5823 4260
20327 17118
24751 21206
9973 15677
25337 15299
22026 25237
27748 30704
10653 779
36643 38449
2137 33797
13706 13888
3505 37157
5386 34020
14190 29131
4855 24382
8849 21633
35902 35585
22807 32234
25333 27726
12480 26710
33948 27278
31165 32579
19892 24743
25871 15715
1049 18190
13246 15518
39813 6344
6739 21624
26203 19657
22223 36581
11477 3340
1687 26947
17089 25626
36308 9149
30679 36916
15503 22134
32079 17135
26133 34813
22069 34051
26899 38376
2695 29408
11616 21030
5496 14401
255
25054 24017
10254 4887
15470 28416
10399 35433
7296 8599
11047 17525
22170 28455
25160 36719
1853 3389
19927 24563
7144 22889
11272 31599
6783 20520
19920 26988
25034 5425
5242 16892
37990 15136
14342 13562
31875 36090
15722 23931
5246 3515
2612 24208
265 12988
6877 10017
2640 34165
95 252
38182 25644
30271 36478
38293 36316
26697 3364
36252 39175
18809 28678
30510 3902
15440 4693
21806 5826
24228 31286
29011 27309
6496 20679
24958 16518
29754 17224
4464 32080
2736 25021
36476 3641
25608 21720
11478 37422
6732 14881
35393 23730
32140 23868
22346 34355
33981 3683
2630 36491
415 10446
22040 2405
38649 31042
31495 1393
12139 6187
1627 15353
15889 6304
4716 13695
26126 13419
8495 2933
25849 3542
2917 16006
15799 7724
15748 26338
12493 10840
14708 286
16083 18633
2914 37968
3686 18990
9734 22260
28071 37783
12318 15772
21068 18151
24260 6489
15330 26382
27321 3446
13177 1018
27396 17474
20461 2718
24962 10538
3856 19732
27122 22591
8976 26168
26415 38575
4302 26794
32920 9558
26256 30485
34336 32428
35465 15346
10507 30090
6752 36883
34214 18672
17965 15448
566 20919
9917 8960
7358 12577
8240 23206
20764 15603
4083 19541
8233 20073
21723 9710
15559 20149
22361 34644
24282 13885
16256 39038
2857 26553
17553 28448
35198 20865
26969 3929
31570 10214
8924 30295
16048 33662
10694 27664
15141 33424
33327 16302
39760 5049
8218 37660
24840 12971
22248 9101
32926 6130
32773 9400
6010 15097
32878 28077
7470 34635
23921 29315
174 23085
11891 16673
28609 34856
33233 9783
30928 12166
2612 5876
30473 28463
16816 33491
39504 17941
20520 31480
20320 400
18107 35671
11710 21575
33610 19624
26169 1674
34086 32585
12084 4605
38431 10533
11857 25360
38515 10142
1911 36337
34557 3512
18536 12495
21094 1678
32113 23718
37987 21782
2882 18232
10550 30559
34574 17497
21656 5999
15510 22380
12853 9673
19013 19687
6610 32094
19347 18144
21742 3145
17251 18155
28827 32439
20558 15624
25747 29045
17403 13398
17968 26428
9793 16860
14692 36242
8022 3417
35655 18838
19978 28150
28681 34319
33081 38565
24774 3063
14569 26056
30352 1946
23819 11052
36294 3157
18519 29813
25806 22148
12109 21807
26514 4816
3150 21515
32848 13802
23395 12118
3299 15975
30077 7655
25035 37376
6422 10132
17216 13092
4489 245
4812 18564
5578 20031
14064 29484
19142 39191
1294 18503
34503 22059
25861 29343
27841 12565
8770 19431
16916 32543
12429 23657
27650 34721
19975 14478
3683 34713
9946 2021
15280 7303
8607 39222
372 544
36434 5294
31849 27218
28704 9727
24098 1552
19468 30545
32540 20311
1674 7410
13632 13299
11559 33739
10645 19001
28362 39885
18150 19496
8481 20159
26550 8481
26746 21382
39839 11750
39711 26030
15894 6278
20437 20910
11193 25073
207 26606
36024 23187
39222 36680
11524 24012
33495 18611
21217 22344
16514 3688
22242 18200
30385 23574
29180 11477
39306 12726
32369 25147
665 20882
21892 39489
20798 24706
33524 23130
34886 2416
19717 26698
3715 5814
38019 22258
29233 28385
29152 31833
29478 31628
28328 9208
369
27713 34246
1734 26850
1312 37966
9967 3332
6529 4300
24863 8740
12812 8639
20869 14939
26205 10050
23087 19922
24191 3272
10204 26863
25346 39147
11344 25357
25817 964
32104 14289
34191 18394
25198 2286
24376 10216
31744 38825
32831 16972
27152 21754
23280 32403
21305 28233
37900 19482
31900 33888
7197 18856
4618 14190
9110 11541
16909 2094
2775 20463
2982 39070
24327 22593
23272 37430
18922 28795
36754 34965
9772 7552
33499 17966
16185 9060
11668 11026
6664 20562
6315 35748
21072 31752
35917 35671
13245 31983
15572 15203
8543 14455
39700 39124
26734 19282
4485 2014
27285 3281
8550 18198
14804 4107
35847 36873
11084 24404
3774 22417
19420 3330
4587 24751
14281 16570
15604 2804
39272 22392
174 24298
30675 8546
31046 15589
31229 5936
39469 12459
22923 4347
10619 9769
31680 29287
12833 28086
16781 36590
9564 32664
33933 34594
22737 34438
33151 34096
38046 27940
16659 38970
36078 478
25224 7458
4144 28137
37186 1066
13938 34936
30432 16169
13873 3603
38746 11787
29082 22462
30225 6735
35539 24136
16438 19735
33736 28969
20514 18811
2465 6426
28093 22800
532 7132
18269 33127
37612 11123
24762 1976
32446 37529
32562 17780
23517 38433
37449 25916
21485 25904
35351 18438
5325 24414
19115 37997
29847 8807
22350 23412
436 38474
6227 26321
9615 36082
724 6138
33527 25749
24994 12011
12114 31619
25989 36140
6245 991
8786 13744
26971 17451
35227 2571
39174 966
29300 32825
14606 22518
15993 20023
19331 15700
5362 37963
38038 18886
17989 21020
9364 30063
20864 14971
12339 12036
30932 4970
2932 29546
10149 6797
4860 6028
7364 25180
6712 3063
4912 19236
331 30796
28596 29084
30007 15642
21736 3304
36265 33763
34277 3077
2758 36043
23690 32132
37801 28174
28021 16121
18056 32927
27572 33571
22638 34409
33414 33147
35665 19333
27040 24013
1541 33236
28061 39858
13884 37341
32675 11825
2099 16865
24945 20360
4081 33325
20111 36063
35888 21336
15233 933
10006 16976
28673 25774
36479 8600
30875 32304
7693 26882
28051 17536
30413 17144
8920 2932
3339 37857
20375 6192
27581 33607
23004 16093
13182 3672
26390 885
31732 12261
34780 26250
21154 37340
32967 27197
9168 39251
2515 18861
14735 18538
31499 24391
35139 27305
33643 1852
18335 22483
4567 8401
38964 20299
34645 10971
10470 31574
38367 33059
37159 4616
8102 9411
6043 34754
38380 37073
24188 29981
39360 24882
31711 35355
23232 35829
10034 12681
33490 25753
33628 31983
26140 1942
31329 30921
32455 8714
31875 9642
13348 20434
38462 532
38528 22121
9042 25543
13374 8308
3139 33564
11324 2599
8758 6088
22983 589
11619 8127
36297 10044
25094 2443
306 39287
39740 39585
33648 264
15424 9636
6742 19082
33542 23746
5402 28335
24613 19192
28411 21497
17813 25083
18969 16512
17333 8587
11451 34987
39296 5132
38434 20533
16192 22273
30676 5214
24000 12117
930 29595
29344 15198
9270 35680
36794 23466
8702 8406
39576 35747
15758 19240
27829 39077
37683 21366
31438 7272
26456 6483
1565 7860
4792 17823
34695 37392
36831 13546
12987 14747
3918 10140
29963 20012
39252 33653
31009 28732
30632 34622
29688 4453
2016 29782
5474 18952
10304 29152
34298 14403
34223 22844
774 1396
26977 24698
31573 13522
19405 10753
37020 35282
11918 438
34446 23138
12524 239
17472 39688
37064 10043
14750 17197
35234 13277
944 9141
35141 30462
8928 19714
19299 35704
34936 36631
25007 25531
37569 20071
8667 28267
18467 32618
2525 28722
15523 19683
12159 23020
5561 4347
35300 16264
11690 24245
37445 80
35911 16786
7307 23224
8075 39131
10035 4166
16610 8979
3577 27770
4236 2752
8945 33917
7861 4489
33623 1140
16892 31775
27599 24555
36581 9265
18185 6424
32070 8439
36625 7010
12937 13129
1380 29627
15509 26421
27264 19581
33024 9327
29845 29605
31717 1474
30540 14277
4982 5080
39608 15774
39366 8432
2861 37237
32486 731
23698 14781
33001 3379
18098 31423
13207 27622
5158 25460
20221 26775
25578 27705
15601 1187
12696 7894
35519 1648
20095 13984
31146 28704
32910 2005
7850 11365
28939 39342
23949 29230
31533 7243
6816 17970
28217 28519
33738 597
23072 2163
34147 18331
26290 8492
1581 37279
11213 21603
21032 23961
10819 31932
4915 2899
3304 732
21841 31136
19769 19409
20112 23288
8102 29122
25974 5970
30845 39488
25969 18866
9416 31655
20508 37689
31707 12178
17445 29028
20947 11385
10713 39792
38831 26004
16344 10534
17232 26513
38137 29788
4587 33954
426
23844 12115
6537 35202
11222 11559
13476 12674
30851 23039
35635 21214
39926 2652
20529 2686
17539 26486
8414 32013
676 8213
32301 24166
27214 9335
34385 35652
26090 35139
6218 17207
20860 36752
8490 23280
38490 32592
11594 7000
10202 24307
39434 34799
15932 3892
22213 35621
22636 3643
9999 17119
1683 4195
23028 21186
24812 12578
7670 25731
32176 36215
13607 12965
17441 7723
36590 14983
14592 38998
39386 31101
38150 37324
10981 4420
14613 37685
39015 37257
37310 32852
17211 22695
22366 26573
24369 21281
38531 10461
33904 17355
21313 27288
10387 15525
3345 21162
35965 32975
13870 27404
13177 19206
17537 32733
7665 22407
23035 35907
2244 15670
35423 17231
31059 1308
23805 17107
7866 22372
18016 38613
2606 33224
36877 18665
27696 10325
5975 11159
7548 34443
27569 8101
13347 12946
12548 16115
15799 12662
24702 16390
12645 23366
15950 2030
4243 14589
10899 26250
9442 38733
7677 1310
32024 4970
10446 36797
24557 20159
11877 28499
11954 19298
1875 35786
6364 35550
29619 8731
37024 12854
29133 1855
18011 17460
30478 7499
26992 28054
21206 9813
36977 11814
14364 35596
10677 36993
21487 829
36547 7938
9271 21374
37710 11230
25480 32216
34067 19352
10379 34720
36681 2938
13433 1531
4254 29612
8674 1440
26051 39684
129 23967
516 32798
10715 5279
21356 29537
25921 24524
19415 1083
896 31747
28277 18359
9403 6183
2514 2980
13321 102
2708 2651
3207 5802
33129 1684
37410 35055
37119 8720
37787 9392
6657 12456
14439 34691
35426 4393
29776 1891
7346 722
9271 19765
19445 25789
13290 29372
278 17449
6370 28225
20207 18383
29888 15846
4911 22557
19057 35319
1748 26508
18230 11999
34492 36953
1603 27600
3662 36041
26451 22418
37458 33911
32454 33996
14423 25589
35762 25756
38574 32469
13544 32269
23823 24541
18866 22381
36213 7871
33955 7873
14496 4367
25763 2225
186 22979
30808 11868
4591 17086
21073 24507
18820 19563
7300 10146
8561 12060
38117 22097
21689 19896
20618 10760
27759 23342
26001 22268
16705 28806
13628 21661
29900 31618
31441 36138
4306 20562
8612 16967
13766 4067
21583 33695
36570 4256
39329 7562
11670 22983
32395 17538
16073 19611
16310 12208
27028 26241
15702 31262
6186 24940
29901 1349
30989 849
33631 3398
2076 37191
10434 7595
16846 12403
23842 27733
2307 35887
462 32219
5666 8365
12967 25830
8708 32981
9159 37834
29951 35253
22368 30027
8289 15642
14270 15087
5657 20882
36849 17316
33082 36714
27099 25042
18938 35621
21578 6129
31291 26631
38377 1974
15882 29289
27797 13099
21849 646
35151 31447
1017 13269
11057 24455
8688 21006
15745 12685
5917 3927
3721 6860
29999 7412
17837 16868
10483 32657
4048 8209
8770 29090
9480 25529
33832 14499
38307 25063
25338 32134
37903 18577
11676 14267
4272 15385
14640 11439
13222 21278
38508 19442
12507 28951
250 10769
20230 27244
23989 13303
25702 34070
26782 22948
33402 33865
34565 39920
7294 8803
28829 23540
27101 14744
28365 9692
9400 24519
10562 32834
585 15197
23612 12537
30682 34869
8003 7871
8759 27411
34343 22103
37466 3786
8786 30470
29286 35212
791 35086
4973 35287
33427 31076
33383 2062
30005 6328
26353 1107
6879 32783
11459 24996
32092 27151
6470 17669
21497 34656
29516 750
12850 12174
3336 8697
5194 15310
38149 34575
33099 21366
23470 6593
5008 11116
5192 17910
15488 7593
25745 18222
25549 4615
10231 38595
22569 28422
5861 23837
21581 7859
298 2826
3300 20479
32979 8101
17311 24056
34450 17135
37566 24644
39198 31969
32944 7023
36014 20854
24321 2570
34102 37637
27294 22384
11242 21541
33242 14259
9049 37221
20135 28902
15642 19045
34147 32266
11938 13713
19604 9304
14087 11883
2796 2226
32666 11864
8868 36900
28326 6912
26176 34362
37394 19045
27330 13776
12560 3138
30864 1344
30165 13299
17718 14878
35808 14134
14393 4912
8068 17950
12828 15543
33342 38184
19166 15429
19782 29288
12398 4384
21140 1000
15599 33310
38283 11465
3526 27238
3281 12567
5745 21585
35256 1432
35452 21742
22134 32325
37141 16297
12415 17712
6529 26786
39098 3007
22857 28771
19023 11147
1863 20886
28243 20716
3106 37178
32807 13380
32869 1626
14862 29185
25221 23319
11266 19782
39418 25559
29315 18118
6772 5405
23255 18364
18253 29720
15328 7221
15695 19590
25210 4877
21752 22955
16419 20775
25598 14860
4498 34976
11062 10461
39278 38765
27641 14325
2134 5603
27143 36836
17627 21160
25438 32055
13246 33452
35330 32995
35774 24762
17246 3855
21672 34703
16180 38831
4486 26679
26846 38026
4341 7888
5877 18310
11702 19170
28460 15386
5195 19989
3630 7687
19975 25057
21550 6861
18990 34987
37675 13782
37579 2292
25351 12641
30049 30966
12635 13715
14271 7853
16020 38238
22456 2670
3435 33266
36215 13418
27940 7557
7093 2872
4358 4008
32565 13235
4170 10915
29728 25782
7928 9593
35319 30673
6142 27008
22665 12866
21421 21116
30682 7574
25134 31434
3708 6597
33940 36107
34190 21463
30752 30021
32913 7537
14413 13100
33424 9658
16265 25694
31845 1564
37221 15867
21671 27462
39119 34499
5468 29349
21813 15895
38148 30618
11714 6589
23620 15016
15655 5978
33832 7880
36871 37118
94
2473 24932
20592 38745
6580 37894
11989 22518
2301 29996
30543 955
11327 1892
15948 3257
3368 577
12494 35589
21054 12369
21493 2438
2619 6303
25586 10528
18505 10427
6694 2329
9992 32180
10928 18717
7526 30123
1457 15606
27975 15368
16531 12105
5266 34310
3609 20336
18823 39156
30749 30009
11799 36026
2999 2449
13412 38041
26332 24991
37350 17344
15306 13070
17000 738
22182 24486
19030 24380
29592 6014
24866 21992
18454 35776
30407 17950
1212 28517
128 11952
16311 28923
34471 19416
7315 38083
37121 35426
18128 23615
23201 24615
8699 18073
5646 24685
39266 17073
35481 19667
26808 14919
16298 34805
3597 9633
11320 1638
3281 17824
2301 2014
27288 1961
22777 28218
12837 22207
38472 14028
4701 10219
22653 8089
16368 6251
20859 16874
39509 8971
32012 15102
25967 17091
24897 17649
26218 10527
6739 1216
35630 16665
9963 21028
22528 27481
3496 21154
31632 9482
16231 6058
21910 10811
10008 34499
7066 26472
4224 5409
18636 39695
24428 4112
2738 17965
36278 37955
2390 18627
23883 38741
31312 30617
9144 19006
9931 12236
8473 308
31052 35374
13772 24895
37796 13658
0