4 4 4 4
2 2
1
72 72 72 72 72 72 72 73 73 73 73 73 73 78 78 78 78 78 78 78 3 3 3 3 3 3 3 84 84 84 84 84 33 33 33 33 45 45 45 45 21 21 21 21 21 21 21 21 14 14 14 14 14 14 14 14 14 14 83 83 83 83 83 83 14 14 14 14 14 14 58 58 72 72 72 72 72 72 72
60 60 60 60 60 70 70 70 70 70 70 70 70 69 69 69 69 69 69 69 69 69 70 70 70 70 70 70 70 70 70 70 28 23 23 23 23 23 23 23 23 23 23 81 81 81 81 81 81 81 81 31 31 31 31 31
35 35 35 35 35 35 35 35 35 98 98 98 98 98 33 33 33 33 33 52 52 1 1 1 1 1 1 84 84 84 84 84 84 84 84 1 1 1 1 1 1
36 36 94 94 94 94 26 26 26 26 26 93 73 73 73 73 73 73 73 73 73 49 49 49 49 49 16 16 16 16 16 21 21 21 27 27 27 27 46 48 48 48 48 48 48 48 48 48 73 73 73 38 38 38 38 18 18 18 18 18 18 18 18 18 18 28 28 28 90 73 73 73 73 73 73 73 73 73 73
9 9 9 9 9 9 9 9 9
16 16 16 66 66 66 66 66 3 3 3 3 27 27 27 27 27 27 27 27 27 92 92 92 92
1 1 1 1 1 1 1 78 78 78 78 78 78 70 70 92 92 92 92 92 92 92 92 92 92 89 89 89 89 89 89 89 89 89 1 76 76 76 58 58 58 58 60 60 60 60 60
39 39 39 99 99 99 99 99 99 99 90 90 90 90 90 90 90 90 72 72 72 72 72 72 14 14 14 14 14 14 26 26 26 26 26 26 26 26 26 26 99 3 3 3 3 3 66 66 66 66 66 66 66 66 66 66 29 29 29 29 81 81 81 48 48 48 48 48 48 48 53 14 14 14 14 14 14 14 14 14 51 51 51 51 51 51 25 25 25 25 25 25 9 9 85 85 85 85 85 39 39 39 39 46 46 46 46 46 46 46 46 46 25 25 25 25 25 25
23 23 23 23 23 23 23 23 23 35 35 95 95 35 35 35 35 35 87 87 87 11 11 11 11 11 11 11 11 11 1 1 1 1 1 1
72 72 72 72 72 72 69 69 69 69 69 69 69 69 29 13 13 13 13 13 13 13 13 25 25 25 25 25 25 25 25 25 25 86 86 86 86 86 86 86 34 34 34 34 34 34 34 13 13 13 13 13 13 13 13
1 1 3 3 3 2 2 2 2 14 14 14 11 11 11 2
42 9 9 9 9 9 0 50 50 50 92 92 92 92 92 92 92 92 32 32 32 13 13 13 13 13 13 13 13 13 76 11 11 11 11 11 11 11 58 58 58 58 58 58 58 58 58 80 44 44 44 44 44 44 44 44 44 44 71 71 71 71 71 71 71 71 71 71 70 70 70 70 70 70 70 70 70 70 70 70 70 70 30 30 30 30 30 30 30 30 34 34 34 3 3 3 3 53
61 61 25 25 25 25 25 25 25 25 25 68 68 68 68 68 68 2 2 2 2 2 2 2 2 45 45 45 45 45 45 45 43 43 43 43 43 43 43 43 43 93 93 93 97 97 97 97 97 97 97 97 97 92 92 92 92 92 92 92 92 92 92 92 92 92 92 13 13 13 13 13 19 19 19 19 19 19 90 90 90 90 90 90 90 90 21 21 21 21 21 21 69 69 69 69 69 69 69 69 69 69 55 55 55 55 55 55 55 55 55 44 98 98 80 80 80
1
59 59 59 25 25 25 25 25 25 10 10 77 77 77 77 77 50 50 50 50 50 50 17 17 17 17 17 17 17 17 17 17 13 13 13 13 13 13 13 13 13 13 87 87 87 87 87 87 87 44 91 91 91 91 91 91 91 4 4 4 4 74 74 56 56 56 4 4 4 4 4 4 4 95 95 95 2 2 2 2 2 2 94 94 94 94 94 94 94 94 31 31 31 31 31 31 31 31 31 31
37 37 37 37 37 37 37 39 39 39 39 39 39 67 67 67 67 67 67 67 41 41 23 23 23 23 55 55 55 55 55 55 55 44 44 44 44 44 44 47 99 99 99 99 99 99 99 99 37 37 37 37 9 21 21 21 21 37 37 37 37
84 84 84 84 84 84 84 59 59 59 59 59 11 11 11 11 11 13 13 13 13 49 49 46 46 46 46 8 8 8 8 22 22 22 22 22 22 22 22 59 59 59 59 59
27 27 87 87 87 87 87 87 87 71 71 71 71 71 71 71 71 71 15 15 15 15 15 15 24 24 24 24 24 24 3 3 3 3 3 3 3 3 90 90 90 2 2 2 2 2 37 37 37 37 37 37 37 37 81
87 87 87 0 0 0 0 71 71 71 71 71 71 71 71 71 5 5 5 5 5 5 5 53 53 17 17 17 17 17 83 83 83 83 1 1 1 1 1 1 1 1 1 11 11 11 11 11 11 77 77 88 88 88 88 57 57 57 57 57 57 57 57 57 57 68 68 68 68 68 68 68 68 83 83 40 40 40 40 40 40 40
53 53 53 53 53 53 53 53 53 75 75 5 5 5 5 5 5 5
38 38 38 38 38 38 38 38 38 38 69 69 69 69 69 69 69 69 69
10 10 57 57 57 57 57 57 57 57 57 57 85 85 85 85 85 40 40 40 40 40 40 40 40 40
26 26 26 26 26 26 26 49 49 49 49 49 49 13 13 13 64 64 64 64 64 64 64 76 76 76 76 94 94 94 94 94 94 94 94 52 52 52 52 52 52 95 95 88 88 88 88 39 39 39 39 39 39 39 39 39 39 61 61 61 61 61 61 61 61 61 65 65 96 96 96 19 19 19 19 19 97 97 97 97 97 97 97 67 67 49 49 49 49 49 49
65 17 17 17 17 4 4 4 4 4 4 4 4 4 80 80 55 55 55 55 55 55 45 45 45 45 45 45 0 0 0 0 0 0 0 0 0 14 14 14 14 14 14 14 14
0
21 21 21 21 21 98 98 98 98 98 98 98 98 18 18 18 35 35 35 35 14 14 14 14 14 14 14 39 39 39 39 39 39 1 1 1 1 1 46 46 46 46 46 46 46 46 18 18 18 18 18 96 96 96 9 9 11 11 11 11 11 41 41 41 16 16 16 16 16
2 2
35 35 35 35 81 4 4 4 4 4 4 59 59 59 58 58 58 58 58 58 84 84 84 84 58 58 58 58 58 58
6
68 16 16 16 16 16 16 16 16 35 35 35 35 81 81 81 81 81 81 39 39 14 14 14 14 14 14 14 14 44 44 44 44 44 44 44 44 44 44 44 44 44 44 44 44
1
63 63 63 63 63 63 55 55 55 55 55 55 57 71 71 71 71 71 71 71 71 71 98 98 98 98 98 98 98 98 98 0 0 0 0 0 0 0 0 0 0 76 76 76 76 76 76 76 76 76 76 46 46 46 46 46 46 56 56 56 56 56 56 56 56 42 42 42 42 42 42 42 42 42 1 1 1 1 1 1 1 1 87 87 87 87 87 87 58 58 58 58 58 58
2
89 6 6 6 24 24 24 24 24 1 1 1 1 1 1 1 20 20 15 15 15 15 15 15 15 87 87 87 28 28 28 28 21 21 21 21 21 21 21 21 21
23 23 23 23 23 74 74 14 14 14 24 24 24 24 24 63 63 63 63 63 63 63 63 63 86 86 86 86 86 86 86 44 44 44 44 44 44 50 50 97 97 97 97 97 97 97 97 1 1 1 1 1 1 1 1 1 1 88 88 88 88 88 88 88 88 88 88 0 41 41 41 41 41 41
16 16 16 16 16 16 16 16 16 34 44 44 44 44 44 44 44 43 43 43 43 43 43 43 50 50 50 50 50 50 50 50 54 12 98 98 98 98 98 98 98 98 98 6 1 1 1 1 1 1 1 1 51 51 51 51 51 51 51 51 51 32 32 32 32 15 15 15 15 15 15 15 15 15 88 88 85 85 85 85 85 22 22 22 90 90 90 90 90 8 8 10 10 10 10 10 10 97 97 97 97 97 97 97 97 97
78 78 78 78 78 78 78 78 78 78 78 78 78 78 0 0 0 35 61 61 61 61 61 61 61 61 52 52 52 52 52 52 52 52 52 52 65 65 65 65 65 65 65 65 0 0 0
73 73 73 73 41 41 41 41 41 41 41 41 41 41
2 4 4 4 6 6 6 6 6 8 8 8 8 8 8 8 10 10 10 10 10 10 10 10 10
62 62 62 62 62 62 62 62 62 62 23 23 23 23 68 68 68 68 68 68 68 9 9 9 55 55 55 55 55 55 55 13 13 13 95 95 95 95 95 95 95 95 20 20 20 20 20 1 1 1 1 1 1 1 98 94 94 94 94 94 94 94 94 67 67 67 69 69 69 71 10 10 10 10
49 49 49 37 37 37 37 37 25 37 37 37 37 37 37 71 71 71 71 71 71 71 71 71 32 32 32 32 32 32 32 32 32 32 10 10 10 10 10 10 7 7 7 7 7 7 7 7 53 53 53 53 53 53 53 53 10 10 10 10 10 10
37 37 37 38 38 38 38 38 38 85 85 56 56 56 56 56 56 77 77 77 0 0 0 0 0 0 0 59 59 59 59 44 39 39 39 39 39 39 39 39 20 20 20 20 20 20 20 20 20 20 62 62 62 62 27 27 27 27 27 27
22 22 22 22 22 22 22 22 56 56 56 56 2 2 2 2 2 2 2 2 2 83 83 83 8 8 62 62 62 90 90 90 51 86 86 86 86 86 86 86 86 86 39 39 39 39 39 39 2 2 2 2 2 2 2 2 11 11 11 11 11 11 82 82 82 82 82 82 55 55 55 55 55 55 55 55 55 84 70 70 70 70 70 70 70 19 19 19 19 19 19 19 19 19 19 52 52 52 52 52 52 52 52 52 52 55 55 55 55 95 95 95 95 95 95 95 95 95 95
41 41 41 41 41 41 41 11 11 11 42 42 42 42 42 74 74 74 74 74 62 62 62 62 62 62 62 62 52 52 52 52 99 99 99 99 99 99 99 99 99
53 53 53 53 51 51 51 86 86 86 86 86 27 27 27 27 27 27 27 27 52 52 52 18 18 18 18 21 21 21 21 21 21 21 6 6 6 6 6 6 6 69 69 69 69 69 69 14 14 14 14 79 79 79 79 79 79 79 82 82 64 64 64 64 64 64 64 64 64 64 16 16 16 16 16
40 40 40 40 29 29 29 29 29 29 29 29 57 57 92 92 92 92 92 86 86 86 86 86 86 86 86 86 86
21 21 85 85 85 85 85 85 85 85 85 59 59 59 9 53 53 53 53 53 53 53 88 88 88 88 88 88 35 35 5 5 5 5 5 99 99 99 92 92 92 92
17 78 78 78 78 78 78 78 78 78 23 23 23 23 23 23 23 23 23 23 6 6 6 6 6 6 6 6 66 95 95 95 53 24 24 24 24 75 75 75 75 75 18 18 18 18 18 18 18 18 18 82 82 82 82 82 82 82 82 82 82 83 83 83 83 83 83 83 83 83 83 27 27 27 27 27 27 27 27 27 27 31 31 63 77 77 77 77 77 77 77 27 27 27 27 27 27 27 27 27 27 3 3 3 3 61 61 61 61 61 61 61 78 78 78