-419,-102,-353
419,202,451,346,-248,154,-499,-287,-179,332,-159,468,111,-239,255,-399,-67,-448,279,-266,43,182,128,60,-205,-331,481,254,-422,240,-45,295,481,-237
-70,-457,170,-188,-80,303,437,-6,-311,414,175,390,494,-109,332,454,-402,-307,293,115,-221,-162,401,483,441,-13,-206,-43,428,273,-271,-310,425,479,101,302,-296,-456,-406,430,54,494,-14,272,-485,-19,158,173,473,249,-1,468,304,-493,-281,211,-370,181,-33,-351,183,196,93,-406,-256,284,86,-250,157,53,-172
428
158,389,469
239,290,196,365,399,299
284,358,249
-435,415,-335,-108,266,-103,261,312,-458,-57,441,-374,-19,353,301,75,-94,-406,-247,-240,-93
-331,-226,-207,-163
-146,-412,-429,-418,-361,-356,-230,-383,-448
-332,-326,-241,-96,-219,-150,-97,-456,-496,-218,-277,-127,-450,-210,-270,-271,-232,-351
69,106,-5,-30,-248,372,177,292,260,-491,197,-220,-90,489,-480,394,484,-358,477,6,499,-73,219,-47,-373,480,7,197,-398,363,-288,165,248,217,-300,367,250,-77,-493,-16,275,288,-253,-350,-487,240,41,-242,-184,416,-8,486,-195,-177,-436,194,-473,-122,357,-224,350,-221,373,371
-451,-427,-247,-270,-173
376,124,346
0,0,0,0,0
323,234,486,169,49,344,211,53
52,409
-419,-102,-353
-418,-136,109,-316,-122,-280,-96,202,-130,-133,356,155,-47,68,486,49,452,-4,308,-25,-60,-355,-361,-329,-371,42,386,435,-185,-140,231,83,453,483,240,273,207,-492,170,-488,111,360,216,278,-196,-147,-181,-469,-340,21,17,329,67,224,273,-4,-154,25,-47,382,-395,-138,299,171,-486,-123,-456,288,-281,-10,485,-233,-5,448,-182,-304,-155,144,238,68,-174,438,-199,-346,46,-278,-284,423,316,109,-344,188,-401,265,-30
-1
-104,280,386,2,365,-4,-20,371,385,186,417,-127,-323,-339,-329,-176,143,-336,-200,373,-313,490,-173,353,311,63,-342,475,356,-168,-493,-410,-57,17,409,124,-232,-361,-11,500,23,-399,-148,314,-498,-338,406,295,-166,473,99,-468,284,324,311,-157,-377,290,348,203,-98,-145,116,-133,-442,-10,-399,-352,50,43,-435,-356,292,337,380,-144,-2,449,394,-330,-176,-381,-180,-136,173,-464,493,-298,-152,-401,-311,-72
452,-182,209,98,-491,-277,346,461,470,496,42,324,210,55,346,336,294,289,-491,-18,-338,480,470,353,166,-350,103,-80,137,259
165,14,298,290
380,286
-460,57,109,-150,101,305,-474,-285,-67,-79,-417,-45,252,-58,253,-434,-375,284,-219,-329
437,340,-220,318,-82,36,-23,-500,249,211,216,-363,-309,205,411,-454,-261,92,-324,389,331,378,-463,-312,181,-244,-403,-99,46,22,-209,180,-357,386,365,-249,-189,12,253,75,140,450,68,241,249,-362,-234,-174,-101,150,110,341,-23,-84,213,98,-340,-387,-183,-181,-131,441,352
-385,-418,451,446,-490,-434,-125,330,-23,-168,-399,-139,-249,328,67,-208,-201,325,165,-375,-385,-324,-189,210,-307,-244,384,-19,-458,-458,105,353,-20,166,216,391,311,142,-181,-430,303,-495,163,148,185,-500,-82,222,422,21,193,-489,15,220,-479,128,118,251,54,-23,200,450,111,12,-315,372,230,287,218,-411,250,-186,367,-318,-26,74,378,-471,392,-203,-198,-148,498,299,371,-124,-329,-413,127,-175,400,-418,-285,-55,404,350,428,-136,145
-114,-134,-331
255,342,129,251,104,1,287
400,181,311
-116,109,-116,234,-409,-317,-394,395,-257,422,309,-307,308,-227,479,-411,495,-493,37,148,-221,-297,-149,-438,68,311,-136,488,79,-17,-221,242,303,-399,168,162,-152
-82,-105,-117,-392,-286,-272,-366,-287,-227
-15,241,-69,116,110,469,404,252,297,47,13,-356,-18,202,-346,-65,-466,-210,-112,-417,-442,-69,-484,305,-496,287,-344,-359,81,422,-357,486,-256,-147,17,-248,134,-249,-43,-20,495,-463,-66,-18,-62,-353,326,-136,227,399,413,137,161,144,251,90,307,112,369,-402,-499,-447,24,124
31,-422,60,90,-108,-14,116,-22,447,-380,-95,121,249,491,247,-106,234,276,13,118,228,441,457,39,-436,467,91,236,194,362,28,-161,476,329,438,-432,-182,-26,461,-110,-180
49,89,458,158,149,149
258,83,418,-388,100,278,287,469,-71,46,321,-306,-192,215,315,-294,481,110,351,169,4,443,-285,131,-406,112,112,-433,-314,-168,499,267
-205,-437,-308,-286,-338,-234,-310,-163,-417,-235,-407,-430,-361,-228,-214
-142,-281,-308,-338,-446,-220,-352,-110,-200,-460,-208,-421,-330,-172,-378,-481,-247,-270,-162,-63
-351,-126,150,-135,427,-206,-41,-483,366,-449,-367,-433,-237,-248,-4,-268,93,-153,113,195,283,-214,64,130,-138,451,-47,-317,287,-258,-320,466,-277,117,283
-81,-250,189,-440,-198,141,-404,-220,484,-409,138,7,-460,-457,232,464,-130,112,144,478,-77,-115,-363,-169,-487,14,-241,-151,212,383,178,-445,-270,215,-246,461,-72,-157,120,265,17,-260,-213,87,-178,-152,-248,-234,214,-98,-76,-222,-96,-222,-201,43,351,112,-314,420,115,-461,-468,344,-90,274,-401,306,118,387,-112,-235,326,280,485,-375,-254,206,-288,363,-348,317,5,77,113,399,377,-317,-444,437
357,313,241,481,126,471,322
-419,-102,-353